sprite1,0,0,96,95
sprite2,96,0,144,80
sprite3,257,1,30,30
sprite4,289,1,30,30
sprite5,321,1,30,30
sprite6,353,1,30,30
sprite7,385,1,30,30
sprite8,417,1,30,30
sprite9,449,1,30,30
sprite10,481,1,30,30
sprite11,513,1,30,30
sprite12,545,1,30,30
sprite13,577,1,78,30
sprite14,705,1,78,30
sprite15,833,1,78,30
sprite17,257,33,30,30
sprite18,289,33,30,30
sprite19,321,33,30,30
sprite20,353,33,30,30
sprite21,385,33,30,30
sprite22,417,33,30,30
sprite23,449,33,30,30
sprite24,481,33,30,30
sprite25,513,33,30,30
sprite26,545,33,30,30
sprite27,577,33,78,30
sprite28,705,33,78,30
sprite29,833,33,78,30
sprite34,257,65,30,30
sprite35,289,65,30,30
sprite36,321,65,30,30
sprite37,353,65,30,30
sprite38,385,65,30,30
sprite39,417,65,30,30
sprite40,449,65,30,30
sprite41,481,65,30,30
sprite42,513,65,30,30
sprite43,545,65,30,30
sprite44,577,65,78,30
sprite45,705,65,78,30
sprite46,833,65,78,30
sprite54,101,82,22,12
sprite55,182,83,34,13
sprite56,128,89,48,7
sprite57,48,96,16,16
sprite58,66,96,12,16
sprite59,1,97,22,14
sprite60,97,97,30,30
sprite61,129,97,46,30
sprite62,177,97,62,30
sprite63,257,97,30,30
sprite64,289,97,30,30
sprite65,321,97,30,30
sprite66,353,97,30,30
sprite67,385,97,30,30
sprite68,417,97,30,30
sprite69,449,97,30,30
sprite70,481,97,30,30
sprite71,513,97,30,30
sprite72,545,97,30,30
sprite73,577,97,78,30
sprite74,705,97,78,30
sprite75,833,97,78,30
sprite76,0,116,80,8
sprite77,97,129,30,30
sprite78,129,129,46,30
sprite79,177,129,62,30
sprite80,257,129,30,30
sprite81,289,129,30,30
sprite82,321,129,30,30
sprite83,353,129,30,30
sprite84,385,129,30,30
sprite85,417,129,30,30
sprite86,449,129,30,30
sprite87,481,129,30,30
sprite88,513,129,30,30
sprite89,545,129,30,30
sprite90,577,129,94,30
sprite91,705,129,94,30
sprite92,833,129,94,30
sprite93,0,132,80,8
sprite94,0,148,80,8
sprite95,97,161,30,30
sprite96,129,161,46,30
sprite97,177,161,62,30
sprite98,257,161,30,30
sprite99,289,161,30,30
sprite100,321,161,30,30
sprite101,353,161,30,30
sprite102,385,161,30,30
sprite103,417,161,30,30
sprite104,449,161,30,30
sprite105,481,161,30,30
sprite106,513,161,30,30
sprite107,545,161,30,30
sprite108,577,161,94,30
sprite109,705,161,94,30
sprite110,833,161,94,30
sprite111,0,164,48,8
sprite112,0,180,48,8
sprite113,97,193,30,30
sprite114,129,193,46,30
sprite115,177,193,62,30
sprite116,257,193,30,30
sprite117,289,193,30,30
sprite118,321,193,30,30
sprite119,353,193,30,30
sprite120,385,193,30,30
sprite121,417,193,30,30
sprite122,449,193,30,30
sprite123,481,193,30,30
sprite124,513,193,30,30
sprite125,545,193,30,30
sprite126,577,193,94,30
sprite127,705,193,94,30
sprite128,833,193,94,30
sprite129,0,196,48,8
sprite130,0,224,16,16
sprite131,50,224,11,16
sprite132,65,224,14,16
sprite133,146,224,12,16
sprite134,17,225,15,15
sprite135,33,225,14,14
sprite136,80,225,15,14
sprite137,97,225,14,14
sprite138,115,225,10,15
sprite139,133,225,5,14
sprite140,160,225,14,14
sprite141,176,225,16,14
sprite142,257,225,30,30
sprite143,289,225,30,30
sprite144,321,225,30,30
sprite145,353,225,30,30
sprite146,385,225,30,30
sprite147,417,225,30,30
sprite148,449,225,30,30
sprite149,481,225,30,30
sprite150,513,225,30,30
sprite151,545,225,30,30
sprite152,577,225,110,30
sprite153,705,225,110,30
sprite154,833,225,110,30
sprite155,208,226,32,12
sprite156,192,227,14,11
sprite157,1,241,14,14
sprite158,98,241,10,14
sprite159,109,241,3,3
sprite160,113,241,10,14
sprite161,124,241,3,3
sprite162,177,241,14,14
sprite163,193,241,13,14
sprite164,208,241,16,14
sprite165,225,241,14,14
sprite166,16,242,64,46
sprite169,129,242,14,13
sprite170,145,242,14,13
sprite172,109,245,3,2
sprite173,124,245,3,2
sprite174,109,249,3,2
sprite175,124,249,3,2
sprite176,109,252,3,3
sprite177,124,252,3,3
sprite178,177,256,14,16
sprite179,3,257,10,14
sprite180,193,257,14,15
sprite181,257,257,30,30
sprite182,289,257,30,30
sprite183,321,257,30,30
sprite184,353,257,30,30
sprite185,385,257,30,30
sprite186,417,257,30,30
sprite187,449,257,30,30
sprite188,481,257,30,30
sprite189,513,257,30,30
sprite190,545,257,30,30
sprite191,577,257,110,30
sprite192,705,257,110,30
sprite193,833,257,110,30
sprite194,83,258,10,14
sprite195,99,258,9,14
sprite196,114,258,11,14
sprite197,130,258,11,14
sprite198,146,258,11,14
sprite199,208,259,16,10
sprite203,193,273,14,14
sprite204,209,273,14,14
sprite205,1,274,5,12
sprite206,8,274,5,12
sprite207,83,274,10,14
sprite208,99,274,10,14
sprite209,114,274,11,14
sprite210,131,274,10,14
sprite211,147,274,10,14
sprite212,176,274,16,12
sprite213,1,289,62,30
sprite214,65,289,62,30
sprite215,129,289,62,30
sprite216,257,289,30,30
sprite217,289,289,30,30
sprite218,321,289,30,30
sprite219,353,289,30,30
sprite220,385,289,30,30
sprite221,417,289,30,30
sprite222,449,289,30,30
sprite223,481,289,30,30
sprite224,513,289,30,30
sprite225,545,289,30,30
sprite226,577,289,110,30
sprite227,705,289,110,30
sprite228,833,289,110,30
sprite229,1,321,62,30
sprite230,65,321,62,30
sprite231,129,321,62,30
sprite232,201,321,46,30
sprite233,265,321,46,30
sprite234,329,321,46,30
sprite235,385,321,62,30
sprite236,449,321,62,30
sprite237,513,321,62,30
sprite238,577,321,110,30
sprite239,705,321,110,30
sprite240,833,321,110,30
sprite241,1,353,62,30
sprite242,65,353,62,30
sprite243,129,353,62,30
sprite244,201,353,46,30
sprite245,265,353,46,30
sprite246,329,353,46,30
sprite247,385,353,62,30
sprite248,449,353,62,30
sprite249,513,353,62,30
sprite250,577,353,126,30
sprite251,705,353,126,30
sprite252,833,353,126,30
sprite253,1,385,62,30
sprite254,65,385,62,30
sprite255,129,385,62,30
sprite256,201,385,46,30
sprite257,265,385,46,30
sprite258,329,385,46,30
sprite259,385,385,62,30
sprite260,449,385,62,30
sprite261,513,385,62,30
sprite262,577,385,126,30
sprite263,705,385,126,30
sprite264,833,385,126,30
sprite265,1,417,62,30
sprite266,65,417,62,30
sprite267,129,417,62,30
sprite268,201,417,46,30
sprite269,265,417,46,30
sprite270,329,417,46,30
sprite271,385,417,62,30
sprite272,449,417,62,30
sprite273,513,417,62,30
sprite274,577,417,62,30
sprite275,641,417,62,30
sprite276,705,417,62,30
sprite277,769,417,62,30
sprite278,833,417,62,30
sprite279,897,417,62,30
sprite280,1,449,62,30
sprite281,65,449,62,30
sprite282,129,449,62,30
sprite283,201,449,46,30
sprite284,265,449,46,30
sprite285,329,449,46,30
sprite286,385,449,62,30
sprite287,449,449,62,30
sprite288,513,449,62,30
sprite289,577,449,62,30
sprite290,641,449,62,30
sprite291,705,449,62,30
sprite292,769,449,62,30
sprite293,833,449,62,30
sprite294,897,449,62,30